#Cosmology Look-up Table (Using Ned Wright's Web Calculator)
#Ho=73, Omega_m=0.24 and Omega_L=0.76 (WMAP, Spergel et al 2006)

#Redshift Age at z  Light Travel     Comoving     Comoving   Angular Size     Scale     1/Scale    Luminosity
#                       Time      Radial Distance  Volume   Distance (D_A)                       Distance (D_L)
#    z       Gyr         Gyr            Mpc         Gpc^3         Mpc      kpc/arcsec arcsec/kpc       Mpc


  0.00    13.724       0.000           0.0         0.000         0.0         0.000        -           0.0
  0.05    13.007       0.648          203.5        0.035        193.8        0.939     1.0650        213.6
  0.10    12.471       1.253          403.1        0.274        366.4        1.776     0.5631        443.4
  0.15    11.904       1.821          598.7        0.889        520.6        2.524     0.3962        688.5
  0.20    11.372       2.352          790.2        2.067        658.5        3.193     0.3132        948.3
  0.25    10.873       2.851          977.6        3.913        782.1        3.791     0.2638       1222.0
  0.30    10.405       3.320         1160.7        6.550        892.8        4.329     0.2310       1508.9
  0.35     9.964       3.760         1339.5       10.067        992.2        4.810     0.2079       1808.3
  0.40     9.550       4.174         1514.0       14.538       1081.5        5.243     0.1907       2119.7
  0.45     9.160       4.564         1684.3       20.014       1161.6        5.632     0.1776       2442.2
  0.50     8.793       4.931         1850.3       26.534       1233.5        5.980     0.1672       2775.4
  0.55     8.447       5.277         2012.0       34.119       1298.1        6.293     0.1589       3118.7
  0.60     8.121       5.603         2169.6       42.780       1356.0        6.574     0.1521       3471.4
  0.65     7.813       5.912         2323.1       52.516       1407.9        6.826     0.1465       3833.1
  0.70     7.522       6.203         2472.5       63.316       1454.4        7.051     0.1418       4203.3
  0.75     7.247       6.478         2618.0       75.162       1496.0        7.253     0.1379       4581.5
  0.80     6.986       6.738         2759.6       88.030       1533.1        7.433     0.1345       4967.3
  0.85     6.740       6.984         2897.5       101.891      1566.2        7.593     0.1317       5360.3
  0.90     6.507       7.218         3031.6       116.709      1595.6        7.736     0.1293       5760.0
  0.95     6.285       7.439         3162.2       132.450      1621.6        7.862     0.1272       6166.2
  1.00     6.076       7.649         3289.3       149.072      1644.6        7.973     0.1254       6578.6
  1.05     5.876       7.848         3413.0       166.537      1664.9        8.072     0.1239       6996.7
  1.10     5.687       8.038         3533.5       184.801      1682.6        8.158     0.1226       7420.3
  1.15     5.507       8.218         3650.8       203.824      1698.0        8.232     0.1215       7849.2
  1.20     5.335       8.389         3765.1       223.564      1711.4        8.297     0.1205       8283.1
  1.25     5.172       8.552         3876.3       243.978      1722.8        8.352     0.1197       8721.7
  1.30     5.017       8.708         3984.8       265.026      1732.5        8.399     0.1191       9164.8
  1.35     4.869       8.856         4090.4       286.669      1740.6        8.439     0.1185       9612.3
  1.40     4.727       8.997         4193.4       308.867      1747.2        8.471     0.1180       10064.0
  1.45     4.592       9.132         4293.8       331.582      1752.5        8.496     0.1177       10519.5
  1.50     4.464       9.261         4391.6       354.780      1756.6        8.516     0.1174       10978.9
  1.55     4.340       9.385         4487.1       378.424      1759.6        8.531     0.1172       11441.9
  1.60     4.222       9.503         4580.2       402.481      1761.6        8.540     0.1171       11908.4
  1.65     4.109       9.616         4671.1       426.920      1762.7        8.546     0.1170       12378.3
  1.70     4.001       9.724         4759.8       451.710      1762.9        8.547     0.1170       12851.4
  1.75     3.897       9.827         4846.5       476.821      1762.3        8.544     0.1170       13327.5
  1.80     3.798       9.927         4931.1       502.227      1761.1        8.538     0.1171       13806.7
  1.85     3.702      10.022         5013.7       527.900      1759.2        8.529     0.1172       14288.7
  1.90     3.611      10.114         5094.4       553.817      1756.7        8.517     0.1174       14773.6
  1.95     3.523      10.202         5173.3       579.953      1753.6        8.502     0.1176       15261.1
  2.00     3.438      10.286         5250.5       606.287      1750.1        8.485     0.1179       15751.2
  2.05     3.357      10.368         5325.9       632.797      1746.2        8.466     0.1181       16243.7
  2.10     3.278      10.446         5399.7       659.464      1741.8        8.445     0.1184       16738.8
  2.15     3.203      10.521         5471.9       686.269      1737.1        8.422     0.1187       17236.1
  2.20     3.130      10.594         5542.6       713.193      1732.0        8.397     0.1191       17735.8
  2.25     3.061      10.664         5611.7       740.222      1726.6        8.371     0.1195       18237.6
  2.30     2.993      10.731         5679.4       767.338      1721.0        8.344     0.1198       18741.6
  2.35     2.928      10.796         5745.7       794.528      1715.1        8.315     0.1203       19247.7
  2.40     2.865      10.859         5810.7       821.777      1709.0        8.285     0.1207       19755.8
  2.45     2.805      10.920         5874.3       849.072      1702.7        8.255     0.1211       20265.8
  2.50     2.746      10.978         5936.7       876.402      1696.1        8.223     0.1216       20777.8
  2.55     2.690      11.035         5997.8       903.755      1689.5        8.191     0.1221       21291.6
  2.60     2.635      11.090         6057.7       931.119      1682.7        8.158     0.1226       21807.2
  2.65     2.582      11.142         6116.5       958.486      1675.7        8.124     0.1231       22324.6
  2.70     2.531      11.194         6174.2       985.846      1668.6        8.090     0.1236       22843.8
  2.75     2.481      11.243         6230.7      1013.189      1661.5        8.055     0.1241       23364.6
  2.80     2.433      11.291         6286.2      1040.509      1654.2        8.020     0.1247       23887.0
  2.85     2.387      11.338         6340.7      1067.796      1646.9        7.984     0.1253       24411.0
  2.90     2.342      11.383         6394.2      1095.044      1639.5        7.948     0.1258       24936.6
  2.95     2.298      11.426         6446.7      1122.245      1632.0        7.912     0.1264       25463.7
  3.00     2.256      11.468         6498.3      1149.395      1624.5        7.876     0.1270       25992.3
  3.05     2.215      11.510         6549.0      1176.486      1617.0        7.839     0.1276       26522.4
  3.10     2.175      11.549         6598.7      1203.514      1609.4        7.803     0.1282       27053.9
  3.15     2.136      11.588         6647.6      1230.473      1601.8        7.766     0.1288       27586.7
  3.20     2.099      11.626         6695.7      1257.359      1594.2        7.729     0.1294       28121.0
  3.25     2.062      11.662         6743.0      1284.167      1586.5        7.692     0.1300       28656.6
  3.30     2.027      11.698         6789.4      1310.893      1578.9        7.655     0.1306       29193.4
  3.35     1.992      11.732         6835.1      1337.533      1571.2        7.618     0.1313       29731.6
  3.40     1.959      11.765         6880.0      1364.084      1563.6        7.580     0.1319       30271.0
  3.45     1.926      11.798         6924.2      1390.542      1555.9        7.543     0.1326       30811.7
  3.50     1.895      11.830         6967.7      1416.905      1548.3        7.506     0.1332       31353.6
  3.55     1.864      11.861         7010.5      1443.170      1540.7        7.470     0.1339       31896.6
  3.60     1.834      11.891         7052.6      1469.334      1533.1        7.433     0.1345       32440.8
  3.65     1.805      11.920         7094.1      1495.395      1525.5        7.396     0.1352       32986.2
  3.70     1.776      11.948         7134.9      1521.350      1518.0        7.359     0.1359       33532.6
  3.75     1.748      11.976         7175.1      1547.198      1510.5        7.323     0.1366       34080.2
  3.80     1.721      12.003         7214.6      1572.937      1503.0        7.287     0.1372       34628.9
  3.85     1.695      12.029         7253.6      1598.565      1495.5        7.251     0.1379       35178.6
  3.90     1.669      12.055         7292.0      1624.081      1488.1        7.215     0.1386       35729.3
  3.95     1.644      12.080         7329.8      1649.483      1480.7        7.179     0.1393       36281.1
  4.00     1.620      12.105         7367.1      1674.770      1473.4        7.143     0.1400       36833.9
  4.05     1.596      12.128         7403.8      1699.942      1466.0        7.108     0.1407       37387.7
  4.10     1.573      12.152         7440.0      1724.996      1458.8        7.072     0.1414       37942.5
  4.15     1.550      12.174         7475.7      1749.933      1451.5        7.037     0.1421       38498.2
  4.20     1.528      12.197         7510.9      1774.751      1444.3        7.002     0.1428       39054.8
  4.25     1.506      12.218         7545.6      1799.450      1437.2        6.968     0.1435       39612.4
  4.30     1.485      12.239         7579.8      1824.029      1430.1        6.933     0.1442       40170.9
  4.35     1.464      12.260         7613.5      1848.488      1423.0        6.899     0.1449       40730.4
  4.40     1.444      12.280         7646.8      1872.827      1416.0        6.865     0.1457       41290.6
  4.45     1.424      12.300         7679.6      1897.044      1409.0        6.831     0.1464       41851.8
  4.50     1.405      12.319         7712.0      1921.140      1402.1        6.798     0.1471       42413.8
  4.55     1.386      12.328         7743.9      1945.115      1395.2        6.764     0.1478       42976.7
  4.60     1.368      12.357         7775.4      1968.969      1388.4        6.731     0.1486       43540.4
  4.65     1.350      12.375         7806.6      1992.700      1381.6        6.698     0.1493       44104.9
  4.70     1.332      12.392         7837.3      2016.311      1374.9        6.666     0.1500       44670.3
  4.75     1.315      12.410         7867.6      2039.800      1368.2        6.633     0.1508       45236.4
  4.80     1.298      12.426         7897.5      2063.167      1361.6        6.601     0.1515       45803.4
  4.85     1.281      12.443         7927.1      2086.413      1355.0        6.569     0.1522       46371.1
  4.90     1.265      12.459         7956.2      2109.538      1348.4        6.537     0.1530       46939.5
  4.95     1.249      12.475         7985.1      2132.542      1342.0        6.506     0.1537       47508.8
  5.00     1.234      12.491         8013.5      2155.426      1335.5        6.475     0.1544       48078.7
  5.05     1.219      12.506         8041.6      2178.189      1329.1        6.444     0.1552       48649.5
  5.10     1.204      12.521         8069.4      2200.833      1322.8        6.413     0.1559       49220.9
  5.15     1.189      12.535         8096.8      2223.357      1316.5        6.383     0.1567       49793.1
  5.20     1.175      12.550         8123.9      2245.726      1310.2        6.352     0.1574       50365.9
  5.25     1.161      12.564         8150.7      2268.048      1304.1        6.322     0.1582       50939.5
  5.30     1.147      12.577         8177.2      2290.215      1297.9        6.292     0.1589       51513.7
  5.35     1.133      12.591         8203.4      2312.265      1291.8        6.263     0.1597       52088.7
  5.40     1.120      12.604         8229.2      2334.198      1285.7        6.233     0.1604       52664.3
  5.45     1.107      12.617         8254.8      2356.014      1279.7        6.204     0.1612       53240.5
  5.50     1.095      12.630         8280.0      2377.713      1273.8        6.175     0.1619       53817.5
  5.55     1.082      12.642         8305.0      2399.297      1267.9        6.147     0.1627       54395.0
  5.60     1.070      12.655         8329.7      2420.766      1262.0        6.118     0.1635       54973.2
  5.65     1.058      12.667         8354.1      2442.120      1256.2        6.090     0.1642       55552.1
  5.70     1.046      12.678         8378.3      2463.360      1250.4        6.062     0.1650       56131.6
  5.75     1.034      12.690         8402.2      2484.486      1244.7        6.034     0.1657       56711.6
  5.80     1.023      12.701         8425.8      2505.500      1239.0        6.007     0.1665       57292.3
  5.85     1.012      12.713         8449.2      2526.402      1233.4        5.980     0.1672       57873.6
  5.90     1.001      12.724         8472.3      2547.192      1227.8        5.953     0.1680       58455.5
  5.95     0.990      12.734         8495.2      2567.871      1222.3        5.926     0.1687       59038.0
  6.00     0.980      12.745         8517.8      2588.440      1216.8        5.899     0.1695       59621.1
  6.05     0.969      12.755         8540.2      2608.900      1211.3        5.873     0.1703       60204.7
  6.10     0.959      12.765         8562.3      2629.250      1205.9        5.846     0.1711       60789.0
  6.15     0.949      12.775         8584.2      2649.492      1200.5        5.820     0.1718       61373.7
  6.20     0.939      12.785         8605.9      2669.627      1195.2        5.794     0.1726       61959.1
  6.25     0.929      12.795         8627.4      2689.655      1189.9        5.769     0.1733       62545.0
  6.30     0.920      12.805         8648.6      2709.577      1184.7        5.743     0.1741       63131.4
  6.35     0.910      12.814         8669.7      2729.393      1179.5        5.718     0.1749       63718.4
  6.40     0.901      12.823         8690.5      2749.104      1174.3        5.693     0.1757       64305.9
  6.45     0.892      12.832         8711.1      2768.711      1169.2        5.668     0.1764       64893.9
  6.50     0.883      12.841         8731.5      2788.215      1164.1        5.644     0.1772       65482.5
  6.55     0.875      12.850         8751.7      2807.615      1159.1        5.619     0.1780       66071.6
  6.60     0.866      12.858         8771.7      2826.914      1154.1        5.595     0.1787       66661.1
  6.65     0.857      12.867         8791.5      2846.112      1149.2        5.571     0.1795       67251.2
  6.70     0.849      12.875         8811.2      2865.208      1144.2        5.547     0.1803       67841.8
  6.75     0.841      12.883         8830.6      2884.205      1139.4        5.524     0.1810       68432.9
  6.80     0.833      12.892         8849.8      2903.102      1134.5        5.500     0.1818       69024.5
  6.85     0.825      12.900         8868.9      2921.901      1129.7        5.477     0.1826       69616.6
  6.90     0.817      12.907         8887.8      2940.602      1125.0        5.454     0.1834       70209.2
  6.95     0.809      12.915         8906.5      2959.206      1120.2        5.431     0.1841       70802.2
  7.00     0.802      12.923         8925.0      2977.713      1115.6        5.408     0.1849       71395.7
  7.50     0.732      12.992         9101.3      3157.623      1070.7        5.191     0.1926       77355.8
  8.00     0.672      13.053         9262.7      3328.614      1029.1        4.989     0.2004       83358.6
